224 224 224 224 224 224 224 224 224 224 224 224 224 224 224 224 224 224 224 224 224 224 224 224 224 224 224 224 224 224 224 224 224 224 224 224 224 224 224 224 224 224 224 224 224 224 224 224 224 224 224 224 224 224 224 224 224 224 224 224 224 224 224 224 224 224 224 224 224 224 224 224 224 224 224 224 224 224 224 224 224 224 224 224 224 224 224 224 224 224 224 224 224 224 224 224 224 224 224 224 
224 224 224 224 224 224 224 224 224 224 224 224 224 224 224 224 224 224 224 224 224 224 224 224 224 224 224 224 224 224 224 224 224 224 224 224 224 224 224 224 224 224 224 224 224 224 224 224 224 224 224 224 224 224 224 224 224 224 224 224 224 224 224 224 224 224 224 224 224 224 224 224 224 224 224 224 224 224 224 224 224 224 224 224 224 224 224 224 224 224 224 224 224 224 224 224 224 224 224 224 
224 224 224 224 224 224 224 224 224 224 224 224 224 224 224 224 224 224 224 224 224 224 224 224 224 224 224 224 224 224 224 224 224 224 224 224 224 224 224 224 224 224 224 224 224 224 224 224 224 224 224 224 224 224 224 224 224 224 224 224 224 224 224 224 224 224 224 224 224 224 224 224 224 224 224 224 224 224 224 224 224 224 224 224 224 224 224 224 224 224 224 224 224 224 224 224 224 224 224 224 
224 224 224 224 224 224 224 224 224 224 224 224 224 224 224 224 224 224 224 224 224 224 224 224 224 224 224 224 224 224 224 224 224 224 224 224 224 224 224 224 224 224 224 224 224 224 224 224 224 224 224 224 224 224 224 224 224 224 224 224 224 224 224 224 224 224 224 224 224 224 224 224 224 224 224 224 224 224 224 224 224 224 224 224 224 224 224 224 224 224 224 224 224 224 224 224 224 224 224 224 
224 224 224 224 224 224 224 224 224 224 224 224 224 224 224 224 224 224 224 224 224 224 224 224 224 224 224 224 224 224 224 224 224 224 224 224 224 224 224 224 224 224 224 224 224 224 224 224 224 224 224 224 224 224 224 224 224 224 224 224 224 224 224 224 224 224 224 224 224 224 224 224 224 224 224 224 224 224 224 224 224 224 224 224 224 224 224 224 224 224 224 224 224 224 224 224 224 224 224 224 
224 224 224 224 224 224 224 224 224 224 224 224 224 224 224 224 224 224 224 224 224 224 224 224 224 224 224 224 224 224 224 224 224 224 224 224 224 224 224 224 224 224 224 224 224 224 224 224 224 224 224 224 224 224 224 224 224 224 224 224 224 224 224 224 224 224 216 208 208 208 208 208 208 208 208 208 208 208 208 208 252 253 208 208 208 208 208 208 208 208 208 208 208 208 208 217 224 224 224 224 
224 224 224 224 224 224 224 224 224 224 224 224 224 224 224 224 224 224 224 224 224 224 224 224 224 224 224 224 224 224 224 224 224 224 224 224 224 224 224 224 224 224 224 224 224 224 224 224 224 224 224 224 224 224 224 224 224 224 224 224 224 224 224 224 224 224 223 212 211 211 211 211 211 211 211 211 211 211 211 210 255 254 212 211 211 211 211 211 211 211 211 211 211 211 211 225 224 224 224 224 
224 224 224 224 224 224 224 224 224 224 224 224 224 224 224 224 224 224 224 224 224 224 224 224 224 224 224 224 224 224 224 224 224 224 224 224 224 224 224 224 224 224 224 224 224 224 224 224 224 224 224 224 224 224 224 224 224 224 224 224 224 224 224 224 224 224 223 212 211 211 211 211 211 211 211 211 211 211 211 210 256 257 212 211 211 211 211 211 211 211 211 211 211 211 211 225 224 224 224 224 
224 224 224 224 224 224 224 224 224 224 224 224 224 224 224 224 224 224 224 224 224 224 224 224 224 224 224 224 224 224 224 224 224 224 224 224 224 224 224 224 224 224 224 224 224 224 224 224 224 224 224 224 224 224 224 224 224 224 224 224 224 224 224 224 224 224 204 212 211 211 211 211 211 211 211 211 211 211 211 210 251 251 212 211 211 211 211 211 211 211 211 211 211 211 210 206 224 224 224 224 
224 224 224 224 224 224 224 224 224 224 224 224 224 224 224 224 224 224 224 224 224 224 224 224 224 224 224 224 224 224 224 224 224 224 224 224 224 224 224 224 224 224 224 224 224 224 224 224 224 224 224 224 224 224 224 224 224 224 224 224 224 224 224 224 224 224 204 247 214 214 214 214 214 214 214 214 214 214 214 249 251 251 247 214 214 214 214 214 214 214 214 214 214 214 249 206 224 224 224 224 
224 224 224 224 224 224 224 224 224 224 224 224 224 224 224 224 224 224 224 224 224 224 224 224 224 224 224 224 224 224 224 224 224 224 224 224 224 224 224 224 224 224 224 224 224 224 224 224 224 224 224 224 224 224 224 224 224 224 224 224 224 224 224 224 224 224 204 251 251 251 251 251 251 251 251 251 251 251 251 251 251 251 251 251 251 251 251 251 251 251 251 251 251 251 251 225 224 224 224 224 
224 224 224 224 224 224 224 224 224 224 224 224 224 224 224 224 224 224 224 224 224 224 224 224 224 224 224 224 224 224 224 224 224 224 224 224 224 224 224 224 224 224 224 224 224 224 224 224 224 224 224 224 224 224 224 224 224 224 224 224 224 224 224 224 224 224 204 251 251 251 251 251 251 251 251 251 251 251 251 251 251 251 251 251 251 251 251 251 251 251 251 251 251 251 251 225 224 224 224 224 
224 224 224 224 224 224 224 224 224 224 224 224 224 224 224 224 224 224 224 224 224 224 224 224 224 224 224 224 224 224 224 224 224 224 224 224 224 224 224 224 224 224 224 224 224 224 224 224 224 224 224 224 224 224 224 224 224 224 224 224 224 224 224 224 224 224 204 251 251 251 251 251 251 251 251 251 251 251 251 251 251 251 251 251 251 251 251 251 251 251 251 251 251 251 251 225 224 224 224 224 
224 224 224 224 224 224 224 224 224 224 224 224 224 224 224 224 224 224 224 224 224 224 224 224 224 216 208 217 224 224 224 224 224 224 224 224 224 224 224 224 224 224 224 224 224 224 224 224 224 224 224 224 224 224 224 224 224 224 224 224 224 224 224 224 224 224 204 251 251 251 251 251 251 251 251 251 251 251 251 251 251 251 251 251 251 251 251 251 251 251 251 251 251 251 251 225 224 224 224 224 
224 224 224 224 224 224 224 224 224 224 224 224 224 224 224 224 224 224 224 224 224 224 224 224 216 209 211 207 217 224 224 224 224 224 224 224 224 224 224 224 224 224 224 224 224 224 224 224 224 224 224 224 224 224 224 224 224 224 224 224 224 224 224 224 224 224 204 251 251 251 251 251 251 251 251 251 251 251 251 251 251 251 251 251 251 251 251 251 251 251 251 251 251 251 251 225 224 224 224 224 
224 224 224 224 224 224 224 224 224 224 224 224 224 224 224 224 224 224 224 224 224 224 224 216 209 210 248 212 207 217 224 224 224 224 224 224 224 224 224 224 224 224 224 224 224 224 224 224 224 224 224 224 224 224 224 224 224 224 224 224 224 224 224 224 224 224 204 251 251 251 251 251 251 251 251 251 251 251 251 251 251 251 251 251 251 251 251 251 251 251 251 251 251 251 251 225 224 224 224 224 
224 224 224 224 224 224 224 224 224 224 224 224 224 224 224 224 224 224 224 224 224 224 216 209 210 249 251 251 212 207 217 224 224 224 224 224 224 224 224 224 224 224 224 224 224 224 224 224 224 224 224 224 224 224 224 224 224 224 224 224 224 224 224 224 224 224 204 251 251 251 251 251 251 251 251 251 251 251 251 251 251 251 251 251 251 251 251 251 251 251 251 251 251 251 251 225 224 224 224 224 
224 224 224 224 224 224 224 224 224 224 224 224 224 224 224 224 224 224 224 224 224 216 209 210 249 251 251 251 251 212 207 217 224 224 224 224 224 224 224 224 224 224 224 224 224 224 224 224 224 224 224 224 224 224 224 224 224 224 224 224 224 224 224 224 224 224 204 251 251 251 251 251 251 251 251 251 251 251 251 251 251 251 251 251 251 251 251 251 251 251 251 251 251 251 251 225 224 224 224 224 
224 224 224 224 224 224 224 224 224 224 224 224 224 224 224 224 224 224 224 224 224 223 210 249 251 251 251 251 251 251 212 225 205 205 205 205 205 205 205 205 205 205 205 205 205 205 224 224 224 224 224 224 224 224 224 224 224 224 224 224 224 224 224 224 224 224 223 251 251 251 251 251 251 251 251 251 251 251 251 251 251 251 251 251 251 251 251 251 251 251 251 251 251 251 251 225 224 224 224 224 
224 224 224 224 224 224 224 224 224 224 224 224 224 224 224 224 224 224 224 224 224 223 249 251 251 251 251 251 251 251 247 225 205 205 205 205 205 205 205 205 205 205 205 205 205 205 224 224 224 224 224 224 224 224 224 224 224 224 224 224 224 224 224 224 224 224 223 251 251 251 251 251 251 251 251 251 251 251 251 251 251 251 251 251 251 251 251 251 251 251 251 251 251 251 251 225 224 224 224 224 
224 224 224 224 224 224 224 224 224 224 224 224 224 224 224 224 224 224 224 224 224 219 222 251 251 251 251 251 251 251 220 218 205 205 205 205 205 205 205 205 205 205 205 205 205 205 224 224 224 224 224 224 224 224 224 224 224 224 224 224 224 224 224 224 224 224 223 251 201 251 251 251 251 251 251 251 251 251 251 251 251 251 251 251 251 251 251 251 251 251 251 251 251 251 251 225 224 224 224 224 
224 224 224 224 224 224 224 224 224 224 224 224 224 224 224 224 224 224 224 224 224 224 219 222 251 251 251 251 251 220 218 224 205 205 205 205 205 205 205 205 205 205 205 205 205 205 224 224 224 224 224 224 224 224 224 224 224 224 224 224 224 224 224 224 224 224 223 251 251 251 251 251 251 251 251 251 251 251 251 251 251 251 251 251 251 251 251 251 251 251 251 251 251 251 251 225 224 224 224 224 
224 224 224 224 224 224 224 224 224 224 224 224 224 224 224 224 224 224 224 224 224 224 224 219 222 251 251 251 220 218 224 224 205 205 205 205 205 205 205 205 205 205 205 205 205 205 224 224 224 224 224 224 224 224 224 224 224 224 224 224 224 224 224 224 224 224 223 251 251 251 251 251 251 251 251 251 251 251 251 251 251 251 251 251 251 251 251 251 251 251 251 251 251 251 251 225 224 224 224 224 
224 224 224 224 224 224 224 224 224 224 224 224 224 224 224 224 224 224 224 224 224 224 224 224 219 222 251 220 218 224 224 224 205 205 205 216 252 253 217 205 205 205 205 205 205 205 205 205 224 224 224 224 224 224 224 224 224 224 224 224 224 224 224 224 224 224 223 251 251 251 251 251 251 251 251 251 251 251 251 251 251 251 251 251 251 251 251 251 251 251 251 251 251 251 251 225 224 224 224 224 
224 224 224 224 224 224 224 224 224 224 224 224 224 224 224 224 224 224 224 224 224 224 224 224 216 209 251 207 217 224 224 224 216 208 208 209 255 254 207 208 208 208 208 208 208 217 224 224 224 224 224 224 224 224 224 224 224 224 224 224 224 224 224 224 224 224 223 251 251 251 251 251 251 251 251 251 251 251 251 251 251 251 251 251 251 251 251 251 251 251 251 251 251 251 251 225 224 224 224 224 
224 224 224 224 224 224 224 224 224 224 224 224 224 224 224 224 224 224 224 224 224 224 224 224 223 210 251 212 206 224 224 224 223 211 211 210 256 257 212 211 211 211 211 211 211 206 224 224 224 224 224 224 224 224 224 224 224 224 224 224 224 224 224 224 224 224 223 251 251 251 251 201 251 251 251 251 251 251 251 251 251 251 251 251 251 251 251 251 251 251 251 251 251 251 251 225 224 224 224 224 
224 224 224 224 224 224 224 224 224 224 224 224 224 224 224 224 224 224 224 224 224 224 224 224 223 210 251 212 225 224 224 224 223 248 248 215 251 251 213 248 248 248 248 248 249 206 224 224 224 224 224 224 224 224 224 224 224 224 224 224 224 224 224 224 224 224 223 251 251 251 251 251 251 251 251 251 251 251 251 251 251 251 251 251 251 251 251 251 251 251 251 251 251 251 251 225 224 224 224 224 
224 224 224 224 224 224 224 224 224 224 224 224 224 224 224 224 224 224 224 224 224 224 224 224 223 210 251 212 225 224 224 224 223 201 251 251 251 251 201 251 251 251 251 201 251 206 224 224 224 224 205 205 205 205 224 224 224 224 224 224 224 224 224 224 224 224 223 251 201 251 251 251 251 251 251 251 251 251 251 251 251 251 251 251 251 251 251 251 251 251 251 251 251 251 251 225 224 224 224 224 
224 224 224 224 224 224 224 224 224 224 224 224 224 224 224 224 224 224 224 224 224 224 224 216 209 210 251 212 207 224 224 224 223 220 221 222 201 251 220 221 221 221 221 222 251 206 224 224 224 224 205 205 205 205 224 224 224 224 224 224 224 224 224 224 224 224 223 251 251 251 251 251 251 251 251 251 251 251 251 251 251 251 251 251 251 251 251 251 251 251 251 251 251 251 251 225 224 224 224 224 
224 224 224 224 224 224 224 224 224 224 224 224 224 224 224 224 224 224 224 224 224 224 216 209 210 249 251 247 212 207 208 208 209 226 227 228 251 251 226 227 208 208 208 209 251 206 224 224 224 224 205 205 205 205 224 224 224 224 224 224 224 224 224 224 224 224 223 251 251 251 251 251 251 251 251 251 251 251 251 251 251 251 251 251 251 251 251 251 251 251 251 251 251 251 251 225 224 224 224 224 
224 224 224 224 224 224 224 224 224 224 224 224 224 224 224 224 224 224 224 224 224 224 223 210 249 251 251 251 247 212 211 211 210 251 251 251 251 251 201 251 251 251 251 251 251 207 208 217 224 224 205 205 205 205 224 224 224 224 224 224 224 224 224 224 224 224 223 251 251 251 251 251 251 251 251 251 251 251 251 251 251 251 251 251 251 251 251 251 251 251 251 251 251 251 251 225 224 224 224 224 
224 224 224 224 224 224 224 224 224 224 224 224 224 224 224 224 224 224 224 224 224 224 223 249 251 251 251 251 251 247 248 248 249 251 251 251 251 251 251 251 251 251 251 201 251 212 210 225 224 224 205 205 205 224 224 224 224 224 224 224 224 224 224 224 224 224 204 251 251 251 251 201 251 251 251 251 251 201 251 251 251 251 251 251 251 251 251 251 251 251 251 251 251 251 251 225 224 224 224 224 
224 224 224 224 224 224 224 224 224 224 224 224 224 224 224 224 224 224 224 224 224 224 223 251 251 251 251 251 251 251 251 251 251 251 251 251 251 251 251 251 251 251 251 251 251 213 249 225 224 224 205 205 205 205 224 224 224 224 224 224 224 224 224 224 224 224 204 251 251 251 251 251 251 251 251 251 251 251 251 251 251 251 251 251 251 251 251 251 251 251 251 251 251 251 251 225 224 224 224 224 
224 224 224 224 224 224 224 224 224 224 224 224 224 224 224 224 224 224 224 224 224 224 223 251 251 251 251 251 251 251 251 251 251 201 251 251 251 251 251 251 251 251 251 251 251 251 251 206 205 205 205 205 205 205 224 224 224 224 224 224 224 224 224 224 224 224 219 203 203 203 203 203 203 203 203 203 203 203 203 222 251 251 251 202 221 221 221 221 203 221 221 221 221 221 221 218 224 224 224 224 
224 224 224 224 224 224 224 224 224 224 224 224 224 224 224 224 224 224 224 224 224 224 219 221 221 221 221 221 221 221 221 222 251 251 251 251 251 251 251 251 201 251 251 201 251 201 251 207 217 205 205 205 205 205 205 205 205 224 224 224 224 224 224 224 224 224 224 224 224 224 224 224 224 224 224 224 224 224 224 219 222 251 202 218 224 205 205 224 224 224 224 205 205 205 205 205 205 205 224 224 
224 224 224 224 224 224 224 224 224 224 224 224 224 224 224 224 224 224 224 224 224 224 224 224 224 224 224 224 224 224 224 219 203 203 221 203 203 203 203 221 203 250 251 251 251 251 251 212 206 205 205 205 205 205 205 205 205 205 224 224 224 224 224 224 224 224 224 224 224 224 224 224 224 224 224 224 224 224 224 224 223 251 206 224 224 205 205 205 205 205 205 205 205 205 205 205 205 205 205 205 
224 224 224 224 224 224 224 224 224 224 224 224 224 224 224 224 224 224 224 224 224 224 224 224 224 224 224 224 224 224 224 224 205 205 205 205 205 205 205 205 205 204 251 251 251 251 251 213 207 208 217 205 205 205 205 205 205 205 224 224 224 224 224 224 224 224 224 224 224 224 224 224 224 224 224 224 224 224 224 224 223 251 206 224 224 205 205 205 205 205 205 205 205 205 205 205 205 205 205 205 
224 224 224 224 224 224 224 224 224 224 224 224 224 224 224 224 224 224 224 224 224 224 224 224 224 224 224 224 224 224 224 224 205 205 205 205 205 205 205 205 205 204 201 251 251 251 251 251 247 249 225 205 205 205 205 205 205 205 224 224 224 224 224 224 224 224 224 224 224 224 224 224 224 224 224 224 224 224 224 216 228 251 226 217 224 205 205 205 205 205 205 205 205 205 205 205 205 205 205 205 
224 224 224 224 224 224 224 224 224 224 224 224 224 224 224 224 224 224 224 224 224 224 224 224 224 224 224 224 224 224 224 224 224 224 205 205 205 205 205 205 205 219 221 222 251 251 201 251 251 201 207 208 208 208 208 208 208 208 208 208 208 217 224 224 224 224 224 224 224 224 224 224 224 224 224 224 224 224 216 228 251 251 251 226 217 205 205 205 205 205 205 205 205 205 205 205 205 205 205 205 
224 224 224 224 224 224 224 224 224 224 224 224 224 224 224 224 224 224 224 224 224 224 224 224 224 224 224 224 224 224 224 224 224 224 224 205 205 205 205 205 205 205 205 223 251 251 251 251 251 251 212 211 211 211 211 211 211 211 211 211 210 225 224 224 224 224 224 224 224 224 224 224 224 224 224 224 224 216 228 251 251 251 251 251 226 217 205 205 205 205 205 205 205 205 205 205 205 205 205 205 
224 224 224 224 224 224 224 224 224 224 224 224 224 224 224 224 224 224 224 224 224 224 224 224 224 224 224 224 224 224 224 224 224 224 224 224 216 208 208 208 227 227 227 228 251 251 251 251 251 251 247 248 248 248 248 248 248 248 248 248 249 226 227 227 227 227 227 227 227 227 227 227 227 227 227 227 227 209 251 251 251 251 251 251 251 225 224 205 205 205 205 205 205 205 205 205 205 205 205 205 
224 224 224 224 224 224 224 224 224 224 224 224 224 224 224 224 224 224 224 224 224 224 224 224 224 224 224 224 224 224 224 224 224 224 224 224 223 211 211 211 211 211 211 212 251 251 251 251 201 251 251 251 251 251 251 251 251 251 251 251 251 251 251 251 251 251 251 251 251 251 251 251 251 251 251 251 251 251 251 251 251 251 251 251 251 225 205 205 205 205 205 205 205 205 205 205 205 205 205 205 
224 224 224 224 224 224 224 224 224 224 224 224 224 224 224 224 224 224 224 224 224 224 224 224 224 224 224 224 224 224 224 224 224 216 227 227 209 247 248 248 248 248 248 249 251 251 251 251 251 251 251 251 251 251 251 251 251 251 251 251 251 251 251 251 251 251 251 251 251 251 251 251 251 251 251 251 251 251 251 251 251 251 251 251 251 225 205 205 205 205 205 205 205 205 205 205 205 205 205 205 
224 224 224 224 224 224 224 224 224 224 224 224 224 224 224 224 224 224 224 224 224 224 224 224 224 224 224 224 224 224 224 224 224 223 251 251 251 201 251 201 251 251 251 251 251 251 251 251 251 251 251 251 251 251 251 251 251 251 251 251 251 251 251 251 251 251 251 251 251 251 251 251 251 251 251 251 251 251 251 251 251 251 251 251 251 225 205 205 205 205 205 205 205 205 205 205 205 205 205 205 
224 224 224 224 224 224 224 224 224 224 224 224 224 224 224 224 224 224 224 224 224 224 224 224 224 224 224 224 224 224 224 224 224 223 251 251 251 251 251 251 251 251 251 251 251 251 251 251 251 251 251 251 251 251 251 251 251 251 251 251 251 220 221 221 221 221 221 250 251 251 251 251 202 203 203 203 203 203 203 203 203 203 203 203 221 218 224 224 224 224 224 224 224 224 224 224 224 224 224 224 
224 224 224 224 224 224 224 224 224 224 224 224 224 224 224 224 224 216 227 227 227 227 227 227 227 227 227 227 217 224 224 224 224 223 251 251 251 251 220 203 203 203 203 203 203 203 203 203 203 203 203 203 203 203 203 203 203 203 203 203 203 218 224 224 224 224 224 223 251 251 251 251 206 224 224 224 224 224 224 224 224 224 224 224 224 224 224 224 224 224 224 224 224 224 224 224 224 224 224 224 
224 224 224 224 224 224 224 224 224 224 224 224 224 224 224 224 224 223 251 251 251 251 251 251 251 251 251 251 225 224 224 224 224 223 251 251 251 251 206 224 224 224 224 224 224 224 224 224 224 224 224 224 224 224 224 224 224 224 224 224 224 224 224 224 224 224 224 223 251 251 251 251 206 224 224 224 224 224 224 224 224 224 224 224 224 224 224 224 224 224 224 224 224 224 224 224 224 224 224 224 
224 224 224 224 224 224 224 224 224 224 224 224 224 224 224 224 224 223 251 251 251 251 251 251 251 251 251 251 225 224 224 224 224 223 251 251 251 251 206 224 224 224 224 224 224 224 224 224 224 224 224 224 224 224 224 224 224 224 224 224 224 224 224 224 224 224 224 223 251 251 251 251 206 224 224 224 224 224 224 224 224 224 224 224 224 224 224 224 224 224 224 224 224 224 224 224 224 224 224 224 
224 224 224 224 224 224 224 224 224 224 224 224 224 224 224 224 224 223 251 251 251 251 251 251 251 251 251 251 225 224 224 224 224 223 251 251 251 251 206 224 224 224 224 224 224 224 224 224 224 224 224 224 224 224 224 224 224 224 224 224 224 224 224 224 224 224 224 223 251 251 251 251 206 224 224 224 224 224 224 224 224 224 224 224 224 224 224 224 224 224 224 224 224 224 224 224 224 224 224 224 
224 224 224 224 224 224 224 224 224 224 224 224 224 224 224 224 224 219 221 221 221 221 221 221 222 251 251 251 225 224 224 224 224 223 251 251 251 251 206 224 224 224 224 224 224 224 224 224 224 224 224 224 224 224 224 224 224 224 224 224 224 224 224 224 224 224 224 223 251 251 251 251 206 224 224 224 224 224 224 224 224 224 224 224 224 224 224 224 224 224 224 224 224 224 224 224 224 224 224 224 
224 224 224 224 224 224 224 224 224 224 224 224 224 224 224 224 224 224 224 224 224 224 224 224 223 251 251 251 225 224 224 224 224 223 251 251 251 251 206 224 224 224 224 224 224 224 224 224 224 224 224 224 224 224 224 224 224 224 224 224 224 224 224 224 224 224 224 223 251 251 251 251 206 224 224 224 224 224 224 224 224 224 224 224 224 224 224 224 224 224 224 224 224 224 224 224 224 224 224 224 
224 224 224 224 224 224 224 224 224 224 224 224 224 224 224 224 224 224 224 224 224 224 224 224 223 251 251 251 226 227 227 227 227 228 251 251 251 251 206 224 224 224 224 224 224 224 224 224 224 224 224 224 224 224 224 224 224 224 224 224 224 224 224 224 224 224 224 223 251 251 251 251 206 224 224 224 224 224 224 224 224 224 224 224 224 224 224 224 216 208 208 208 217 224 224 224 224 224 224 224 
224 224 224 224 224 224 224 224 224 224 224 224 224 224 224 224 224 224 224 224 224 224 224 224 223 251 251 251 251 251 251 251 251 251 251 251 251 251 206 224 224 224 224 224 224 224 224 224 224 224 224 224 224 224 224 224 224 224 224 224 224 224 224 224 224 224 224 223 251 251 251 251 206 224 224 224 224 224 224 224 224 224 224 224 224 224 224 224 204 210 211 212 206 224 224 224 224 224 224 224 
224 224 224 224 224 224 224 224 224 224 224 224 224 224 224 224 224 224 224 224 224 224 224 224 223 251 251 251 251 251 251 251 251 251 251 251 251 251 206 224 224 224 224 224 224 224 224 224 224 224 224 224 224 224 224 224 224 224 224 224 224 224 224 224 224 224 224 223 251 251 251 251 206 224 224 224 224 224 224 224 224 224 224 224 224 224 224 224 204 210 248 212 206 224 224 224 224 224 224 224 
224 224 224 224 224 224 224 224 224 224 224 224 224 224 224 224 224 224 224 224 224 224 224 224 223 251 251 251 251 251 251 251 251 251 251 251 251 251 206 224 224 224 224 224 224 224 224 224 224 224 224 224 224 224 224 224 224 224 224 224 224 224 224 224 224 224 224 223 251 251 251 251 206 224 224 224 224 224 224 224 224 224 224 224 224 224 224 224 204 210 251 212 206 224 224 224 224 224 224 224 
224 224 224 224 224 224 224 224 224 224 224 224 224 224 224 224 224 224 224 224 224 224 224 224 223 251 251 251 220 203 203 203 203 203 203 203 203 203 218 224 224 224 224 224 224 224 224 224 224 224 224 224 224 224 224 224 224 224 224 224 224 224 224 224 224 224 224 223 251 251 251 251 206 224 224 224 224 224 224 224 224 224 224 224 224 224 224 224 204 210 251 212 206 224 224 224 224 224 224 224 
224 224 224 224 224 224 224 224 224 224 224 224 224 224 224 224 224 224 224 224 224 224 224 224 219 222 251 220 218 224 224 224 224 224 224 224 224 224 224 224 224 224 224 224 224 224 224 224 216 208 208 208 208 208 208 208 208 208 208 208 208 208 208 208 208 208 208 228 251 201 251 251 207 217 224 224 224 224 224 224 224 224 224 224 224 224 224 224 204 210 251 212 206 224 224 224 224 224 224 224 
224 224 224 224 224 224 224 224 224 224 224 216 208 217 224 224 224 224 224 224 224 224 224 224 224 223 251 225 224 224 224 224 224 224 224 224 224 224 224 224 224 224 224 224 224 224 224 224 223 213 248 248 248 248 248 248 248 248 248 248 248 248 248 248 248 248 248 249 251 251 251 251 247 225 224 224 224 224 224 224 224 224 224 224 224 224 224 224 204 210 251 212 206 224 224 224 224 224 224 224 
224 224 224 224 224 224 224 224 224 224 224 223 211 225 224 224 224 224 224 224 224 224 224 224 216 228 251 226 217 224 224 224 224 224 224 224 224 224 224 224 224 224 224 224 224 224 224 224 223 251 251 251 251 251 251 251 251 201 251 251 251 251 251 251 251 251 251 251 251 251 251 251 251 226 208 208 208 208 208 208 208 208 208 208 208 208 208 208 209 210 251 212 206 224 224 224 224 224 224 224 
224 224 224 224 224 224 224 224 224 224 224 223 214 225 224 224 216 208 208 208 208 208 208 208 209 251 251 251 225 224 224 224 224 224 224 224 224 224 224 224 224 224 224 224 224 224 224 224 223 251 251 220 221 221 221 222 251 251 251 251 251 251 251 251 201 251 251 220 221 221 222 251 201 212 211 211 211 211 211 211 211 211 211 211 211 211 211 211 211 210 251 212 206 224 224 224 224 224 224 224 
224 224 224 224 224 224 224 224 224 224 224 223 251 225 224 224 223 212 211 211 211 211 211 211 210 251 251 251 225 224 224 224 224 224 224 216 208 208 208 217 224 224 224 224 224 224 224 224 223 251 251 226 227 227 227 228 251 251 201 251 251 251 251 251 251 251 251 226 227 227 228 251 251 247 248 248 248 248 248 248 248 248 248 248 248 248 248 248 248 249 251 212 206 224 224 224 224 224 224 224 
224 224 224 224 224 224 224 224 224 224 224 223 251 225 224 224 223 247 248 248 248 248 248 248 249 251 251 251 225 224 224 224 224 224 216 209 212 211 212 207 217 224 224 224 224 224 224 224 223 251 251 251 251 251 251 201 251 251 251 251 251 251 251 251 251 251 251 201 251 251 251 251 251 251 251 251 251 251 251 251 251 251 251 251 251 251 251 251 251 251 251 247 206 224 224 224 224 224 224 224 
224 224 224 224 224 224 224 224 224 224 224 223 251 207 208 208 209 251 251 251 251 251 251 251 251 251 251 251 225 224 224 224 224 216 209 210 247 248 249 212 207 217 224 224 224 224 224 224 223 251 251 201 251 251 251 251 251 251 251 251 251 251 251 251 251 251 251 251 251 251 251 201 251 251 251 251 251 251 251 251 251 251 251 251 251 251 251 251 251 251 251 251 225 224 224 224 224 224 224 224 
224 224 224 224 224 224 224 224 224 224 224 223 251 212 211 211 210 251 251 251 251 251 251 251 251 251 251 251 225 224 224 224 216 209 210 249 251 251 251 247 212 207 208 217 224 224 224 224 223 251 251 251 251 251 251 220 222 251 251 201 251 251 251 251 201 251 220 222 251 251 251 251 251 251 251 251 251 251 251 251 251 251 251 251 251 251 251 251 251 251 251 251 225 224 224 224 224 224 224 224 
224 224 224 224 224 224 224 224 224 224 224 223 251 247 248 248 249 251 251 251 251 251 251 251 251 251 251 251 225 224 224 224 223 210 249 251 251 251 251 251 247 212 212 207 208 208 208 208 209 251 251 251 251 251 251 225 223 251 251 251 251 251 251 251 251 251 225 223 251 251 251 251 251 220 221 221 221 221 221 221 221 221 221 221 221 221 221 221 221 221 221 221 218 224 224 224 224 224 224 224 
224 224 224 224 224 224 224 224 224 224 224 204 251 251 251 251 251 251 251 251 220 221 221 221 203 203 203 221 218 224 224 224 223 249 251 251 251 251 251 251 251 247 248 212 211 211 211 211 210 251 201 251 251 251 251 225 223 251 251 251 251 201 251 251 251 251 225 223 251 251 201 251 251 225 224 224 224 224 224 224 224 224 224 224 224 224 224 224 224 224 224 224 224 224 224 224 224 224 224 224 
224 224 224 224 224 224 224 224 224 224 224 204 251 251 251 251 251 251 251 251 225 224 224 224 224 224 224 224 224 224 224 224 219 250 251 251 251 251 251 251 251 251 251 247 248 248 248 248 249 251 251 251 251 251 251 226 228 251 251 251 251 251 251 251 251 251 226 228 251 251 251 251 251 225 224 224 224 224 224 224 224 224 224 224 224 224 224 224 224 224 224 224 224 224 224 224 224 224 224 224 
224 224 224 224 224 224 224 224 224 224 224 219 221 221 221 221 221 221 221 221 218 224 224 224 224 224 224 224 224 224 224 224 224 219 250 251 251 251 251 251 251 251 251 251 251 251 251 251 251 251 251 251 201 251 251 251 251 251 251 251 251 251 251 201 251 251 251 251 251 251 251 251 251 225 224 224 224 224 224 224 224 224 224 224 224 224 224 224 224 224 224 224 224 224 224 224 224 224 224 224 
224 224 224 224 224 224 224 224 224 224 224 224 224 224 224 224 224 224 224 224 224 224 224 224 224 224 224 224 224 224 224 224 224 224 219 250 251 251 251 251 251 251 251 251 251 251 251 251 251 251 251 251 251 251 251 251 251 251 201 251 251 251 251 251 251 201 251 251 251 251 251 251 251 225 224 224 224 224 224 224 224 224 224 224 224 224 224 224 224 224 224 224 224 224 224 224 224 224 224 224 
224 224 224 224 224 224 224 224 224 224 224 224 224 224 224 224 224 224 224 224 224 224 224 224 224 224 224 224 224 224 224 224 224 224 224 219 203 203 203 203 203 221 221 203 203 203 203 203 222 251 251 220 221 221 221 222 251 251 251 251 251 251 201 251 251 251 251 220 221 221 222 251 251 225 224 224 224 224 224 224 224 224 224 224 224 224 224 224 224 224 224 224 224 224 224 224 224 224 224 224 
224 224 224 224 224 224 224 224 224 224 224 224 224 224 224 224 224 224 224 224 224 224 224 224 224 224 224 224 224 224 224 224 224 224 224 224 224 224 224 224 224 224 224 224 224 224 224 224 223 251 251 226 227 227 227 228 251 251 251 251 251 251 251 251 251 251 251 226 227 227 228 251 251 226 227 227 227 227 227 217 224 224 224 224 224 224 224 224 224 224 224 224 224 224 224 224 224 224 224 224 
224 224 224 224 224 224 224 224 224 224 224 224 224 224 224 224 224 224 224 224 224 224 224 224 224 224 224 224 224 224 224 224 224 224 224 224 224 224 224 224 224 224 224 224 224 224 224 224 223 251 251 251 251 251 251 251 232 233 234 234 234 234 234 234 234 235 229 251 251 251 251 251 251 251 251 251 251 251 251 225 224 224 224 224 224 224 224 224 224 224 224 224 224 224 224 224 224 224 224 224 
224 224 224 224 224 224 224 224 224 224 224 224 224 224 224 224 224 224 224 224 224 224 224 224 224 224 224 224 224 224 224 224 224 224 224 224 224 224 224 224 224 224 224 224 224 224 224 224 223 251 251 251 251 251 201 251 242 238 237 237 237 237 237 237 237 236 246 251 201 251 251 251 251 251 251 251 251 251 251 225 224 224 224 224 224 216 208 252 253 208 217 224 224 224 224 224 224 224 224 224 
224 224 224 224 224 224 224 224 224 224 224 224 224 224 224 224 224 224 224 224 224 224 224 224 224 224 224 224 224 224 224 224 224 224 224 224 224 224 224 224 224 224 224 224 224 224 224 224 223 251 201 251 251 251 251 251 242 251 251 201 251 251 251 251 251 201 246 251 251 251 251 251 251 251 251 251 251 251 251 225 224 224 224 224 224 223 212 255 254 210 225 224 224 224 224 224 224 224 224 224 
224 224 224 224 224 224 224 224 224 224 224 224 224 224 224 224 224 224 224 224 224 224 224 224 224 224 224 224 224 224 224 224 224 224 224 224 224 224 224 224 224 224 224 224 224 224 224 224 223 251 251 251 251 251 251 251 242 251 251 251 251 251 251 251 251 251 246 251 251 251 201 251 251 220 221 222 251 251 251 225 224 224 224 224 224 223 249 256 257 249 225 224 224 224 224 224 224 224 224 224 
224 224 224 224 224 224 224 224 224 224 224 224 224 224 224 224 224 224 224 224 224 224 224 224 224 224 224 224 224 224 224 224 224 224 224 224 224 224 224 224 224 224 224 224 224 224 224 224 223 251 251 251 251 201 251 251 231 240 240 240 240 240 240 240 240 240 230 251 251 251 251 251 251 225 224 223 251 251 251 225 224 224 224 224 224 223 251 251 251 251 225 224 224 224 224 224 224 224 224 224 
224 224 224 224 224 224 224 224 224 224 224 224 224 224 224 224 224 224 224 224 224 224 224 224 224 224 224 224 224 224 224 224 224 224 224 224 224 224 224 224 224 224 224 224 224 224 224 224 219 221 221 221 221 221 221 221 203 221 221 221 221 221 221 221 221 221 221 221 221 221 221 221 221 218 224 223 251 251 251 225 224 224 224 224 224 223 251 251 251 251 225 224 224 224 224 224 224 224 224 224 
224 224 224 224 224 224 224 224 224 224 224 224 224 224 224 224 224 224 224 224 224 224 224 224 224 224 224 224 224 224 224 224 224 224 224 224 224 224 224 224 224 224 224 224 224 224 224 224 224 224 224 224 224 224 224 224 224 224 224 224 224 224 224 224 224 224 224 224 224 224 224 224 224 224 224 223 251 251 251 225 224 224 224 224 224 223 251 251 251 251 225 224 224 224 224 224 224 224 224 224 
224 224 224 224 224 224 224 224 224 224 224 224 224 224 224 224 224 224 224 224 224 224 224 224 224 224 224 224 224 224 224 224 224 224 224 224 224 224 224 224 224 224 224 224 224 224 224 224 224 224 224 224 224 224 224 224 224 224 224 224 224 224 224 224 224 224 224 224 224 224 224 224 224 224 224 223 251 251 251 226 227 227 227 227 227 228 251 251 251 251 225 224 224 224 224 224 224 224 224 224 
224 224 224 224 224 224 224 224 224 224 224 224 224 224 224 224 224 224 224 224 224 224 224 224 224 224 224 224 224 224 224 224 224 224 224 224 224 224 224 224 224 224 224 224 224 224 224 224 224 224 224 224 224 224 224 224 224 224 224 224 224 224 224 224 224 224 224 224 224 224 224 224 224 224 224 223 251 251 251 251 251 251 251 251 251 251 251 251 251 251 225 224 224 224 224 224 224 224 224 224 
224 224 224 224 224 224 224 224 224 224 224 224 224 224 224 224 224 224 224 224 224 224 224 224 224 224 224 224 224 224 224 224 224 224 224 224 224 224 224 224 224 224 224 224 224 224 224 224 224 224 224 224 224 224 224 224 224 224 224 224 224 224 224 224 224 224 224 224 224 224 224 224 224 224 224 223 251 251 251 251 251 251 251 251 251 251 251 251 251 251 225 224 224 224 224 224 224 224 224 224 
224 224 224 224 224 224 224 224 224 224 224 224 224 224 224 224 224 224 224 224 224 224 224 224 224 224 224 224 224 224 224 224 224 224 224 224 224 224 224 224 224 224 224 224 224 224 224 224 224 224 224 224 224 224 224 224 224 224 224 224 224 224 224 224 224 224 224 224 224 224 224 224 224 224 224 223 251 251 251 251 251 251 251 251 251 251 251 251 251 251 225 224 224 224 224 224 224 224 224 224 
224 224 224 224 224 224 224 224 224 224 224 224 224 224 224 224 224 224 224 224 224 224 224 224 224 224 224 224 224 224 224 224 224 224 224 224 224 224 224 224 224 224 224 224 224 224 224 224 224 224 224 224 224 224 224 224 224 224 224 224 224 224 224 224 224 224 224 224 224 224 224 224 224 224 224 219 221 221 221 221 221 221 221 221 221 221 221 221 221 221 218 224 224 224 224 224 224 224 224 224 
224 224 224 224 224 224 224 224 224 224 224 224 224 224 224 224 224 224 224 224 224 224 224 224 224 224 224 224 224 224 224 224 224 224 224 224 224 224 224 224 224 224 224 224 224 224 224 224 224 224 224 224 224 224 224 224 224 224 224 224 224 224 224 224 224 224 224 224 224 224 224 224 224 224 224 224 224 224 224 224 224 224 224 224 224 224 224 224 224 224 224 224 224 224 224 224 224 224 224 224 
224 224 224 224 224 224 224 224 224 224 224 224 224 224 224 224 224 224 224 224 224 224 224 224 224 224 224 224 224 224 224 224 224 224 224 224 224 224 224 224 224 224 224 224 224 224 224 224 224 224 224 224 224 224 224 224 224 224 224 224 224 224 224 224 224 224 224 224 224 224 224 224 224 224 224 224 224 224 224 224 224 224 224 224 224 224 224 224 224 224 224 224 224 224 224 224 224 224 224 224 
224 224 224 224 224 224 224 224 224 224 224 224 224 224 224 224 224 224 224 224 224 224 224 224 224 224 224 224 224 224 224 224 224 224 224 224 224 224 224 224 224 224 224 224 224 224 224 224 224 224 224 224 224 224 224 224 224 224 224 224 224 224 224 224 224 224 224 224 224 224 224 224 224 224 224 224 224 224 224 224 224 224 224 224 224 224 224 224 224 224 224 224 224 224 224 224 224 224 224 224 
224 224 224 224 224 224 224 224 224 224 224 224 224 224 224 224 224 224 224 224 224 224 224 224 224 224 224 224 224 224 224 224 224 224 224 224 224 224 224 224 224 224 224 224 224 224 224 224 224 224 224 224 224 224 224 224 224 224 224 224 224 224 224 224 224 224 224 224 224 224 224 224 224 224 224 224 224 224 224 224 224 224 224 224 224 224 224 224 224 224 224 224 224 224 224 224 224 224 224 224 
224 224 224 224 224 224 224 224 224 224 224 224 224 224 224 224 224 224 224 224 224 224 224 224 224 224 224 224 224 224 224 224 224 224 224 224 224 224 224 224 224 224 224 224 224 224 224 224 224 224 224 224 224 224 224 224 224 224 224 224 224 224 224 224 224 224 224 224 224 224 224 224 224 224 224 224 224 224 224 224 224 224 224 224 224 224 224 224 224 224 224 224 224 224 224 224 224 224 224 224 
224 224 224 224 224 224 224 224 224 224 224 224 224 224 224 224 224 224 224 224 224 224 224 224 224 224 224 224 224 224 224 224 224 224 224 224 224 224 224 224 224 224 224 224 224 224 224 224 224 224 224 224 224 224 224 224 224 224 224 224 224 224 224 224 224 224 224 224 224 224 224 224 224 224 224 224 224 224 224 224 224 224 224 224 224 224 224 224 224 224 224 224 224 224 224 224 224 224 224 224 
224 224 224 224 224 224 224 224 224 224 224 224 224 224 224 224 224 224 224 224 224 224 224 224 224 224 224 224 224 224 224 224 224 224 224 224 224 224 224 224 224 224 224 224 224 224 224 224 224 224 224 224 224 224 224 224 224 224 224 224 224 224 224 224 224 224 224 224 224 224 224 224 224 224 224 224 224 224 224 224 224 224 224 224 224 224 224 224 224 224 224 224 224 224 224 224 224 224 224 224 
224 224 224 224 224 224 224 224 224 224 224 224 224 224 224 224 224 224 224 224 224 224 224 224 224 224 224 224 224 224 224 224 224 224 224 224 224 224 224 224 224 224 224 224 224 224 224 224 224 224 224 224 224 224 224 224 224 224 224 224 224 224 224 224 224 224 224 224 224 224 224 224 224 224 224 224 224 224 224 224 224 224 224 224 224 224 224 224 224 224 224 224 224 224 224 224 224 224 224 224 
224 224 224 224 224 224 224 224 224 224 224 224 224 224 224 224 224 224 224 224 224 224 224 224 224 224 224 224 224 224 224 224 224 224 224 224 224 224 224 224 224 224 224 224 224 224 224 224 224 224 224 224 224 224 224 224 224 224 224 224 224 224 224 224 224 224 224 224 224 224 224 224 224 224 224 224 224 224 224 224 224 224 224 224 224 224 224 224 224 224 224 224 224 224 224 224 224 224 224 224 
224 224 224 224 224 224 224 224 224 224 224 224 224 224 224 224 224 224 224 224 224 224 224 224 224 224 224 224 224 224 224 224 224 224 224 224 224 224 224 224 224 224 224 224 224 224 224 224 224 224 224 224 224 224 224 224 224 224 224 224 224 224 224 224 224 224 224 224 224 224 224 224 224 224 224 224 224 224 224 224 224 224 224 224 224 224 224 224 224 224 224 224 224 224 224 224 224 224 224 224 
224 224 224 224 224 224 224 224 224 224 224 224 224 224 224 224 224 224 224 224 224 224 224 224 224 224 224 224 224 224 224 224 224 224 224 224 224 224 224 224 224 224 224 224 224 224 224 224 224 224 224 224 224 224 224 224 224 224 224 224 224 224 224 224 224 224 224 224 224 224 224 224 224 224 224 224 224 224 224 224 224 224 224 224 224 224 224 224 224 224 224 224 224 224 224 224 224 224 224 224 
224 224 224 224 224 224 224 224 224 224 224 224 224 224 224 224 224 224 224 224 224 224 224 224 224 224 224 224 224 224 224 224 224 224 224 224 224 224 224 224 224 224 224 224 224 224 224 224 224 224 224 224 224 224 224 224 224 224 224 224 224 224 224 224 224 224 224 224 224 224 224 224 224 224 224 224 224 224 224 224 224 224 224 224 224 224 224 224 224 224 224 224 224 224 224 224 224 224 224 224 
224 224 224 224 224 224 224 224 224 224 224 224 224 224 224 224 224 224 224 224 224 224 224 224 224 224 224 224 224 224 224 224 224 224 224 224 224 224 224 224 224 224 224 224 224 224 224 224 224 224 224 224 224 224 224 224 224 224 224 224 224 224 224 224 224 224 224 224 224 224 224 224 224 224 224 224 224 224 224 224 224 224 224 224 224 224 224 224 224 224 224 224 224 224 224 224 224 224 224 224 
224 224 224 224 224 224 224 224 224 224 224 224 224 224 224 224 224 224 224 224 224 224 224 224 224 224 224 224 224 224 224 224 224 224 224 224 224 224 224 224 224 224 224 224 224 224 224 224 224 224 224 224 224 224 224 224 224 224 224 224 224 224 224 224 224 224 224 224 224 224 224 224 224 224 224 224 224 224 224 224 224 224 224 224 224 224 224 224 224 224 224 224 224 224 224 224 224 224 224 224 
224 224 224 224 224 224 224 224 224 224 224 224 224 224 224 224 224 224 224 224 224 224 224 224 224 224 224 224 224 224 224 224 224 224 224 224 224 224 224 224 224 224 224 224 224 224 224 224 224 224 224 224 224 224 224 224 224 224 224 224 224 224 224 224 224 224 224 224 224 224 224 224 224 224 224 224 224 224 224 224 224 224 224 224 224 224 224 224 224 224 224 224 224 224 224 224 224 224 224 224 
224 224 224 224 224 224 224 224 224 224 224 224 224 224 224 224 224 224 224 224 224 224 224 224 224 224 224 224 224 224 224 224 224 224 224 224 224 224 224 224 224 224 224 224 224 224 224 224 224 224 224 224 224 224 224 224 224 224 224 224 224 224 224 224 224 224 224 224 224 224 224 224 224 224 224 224 224 224 224 224 224 224 224 224 224 224 224 224 224 224 224 224 224 224 224 224 224 224 224 224 
224 224 224 224 224 224 224 224 224 224 224 224 224 224 224 224 224 224 224 224 224 224 224 224 224 224 224 224 224 224 224 224 224 224 224 224 224 224 224 224 224 224 224 224 224 224 224 224 224 224 224 224 224 224 224 224 224 224 224 224 224 224 224 224 224 224 224 224 224 224 224 224 224 224 224 224 224 224 224 224 224 224 224 224 224 224 224 224 224 224 224 224 224 224 224 224 224 224 224 224 
