80 80 80 80 80 80 80 80 80 80 80 80 80 80 80 80 80 80 80 80 80 80 80 80 80 80 80 80 80 80 80 80 80 80 80 80 80 80 80 80 80 80 80 80 80 80 80 80 84 95 96 97 98 86 80 80 80 80 80 80 80 80 80 80 80 80 80 80 80 80 80 80 80 80 80 80 80 80 80 80 80 80 80 80 80 80 80 80 80 80 80 80 80 80 80 80 80 80 80 80 
80 80 80 80 80 80 80 80 80 80 80 80 80 80 80 80 80 80 80 80 80 80 80 80 80 80 80 80 80 80 80 80 80 80 80 80 80 80 80 80 80 80 80 80 80 80 80 80 84 102 104 105 99 86 80 80 80 80 80 80 80 80 80 80 80 80 80 80 80 80 80 80 80 80 80 80 80 80 80 80 80 80 80 80 80 80 80 80 80 80 80 80 80 80 80 80 80 80 80 80 
80 80 80 80 80 80 80 80 80 80 80 80 80 80 80 80 80 80 80 80 80 80 80 80 80 80 80 80 80 80 80 80 80 80 80 80 80 80 80 80 80 80 80 80 80 80 80 80 84 103 101 100 106 86 80 80 80 80 80 80 80 80 80 80 80 80 80 80 80 80 80 80 80 80 80 80 80 80 80 80 80 80 80 80 80 80 80 80 80 80 80 80 80 80 80 80 80 80 80 80 
80 80 80 80 80 80 80 80 80 80 80 80 80 80 80 80 80 80 80 80 80 80 80 80 80 80 80 80 80 80 80 80 80 80 80 80 80 80 80 80 80 80 80 80 80 80 80 80 84 102 108 109 99 86 80 80 80 80 80 80 80 80 80 85 80 80 80 80 80 80 80 80 80 80 80 80 80 80 80 80 80 80 80 80 80 80 80 80 80 80 80 80 80 80 80 80 80 80 80 80 
80 80 80 80 80 80 80 80 80 80 80 80 80 80 80 80 80 80 80 80 80 80 80 80 80 80 80 80 80 80 80 80 80 80 80 80 80 80 80 80 80 80 80 80 80 80 80 80 84 103 96 96 106 86 80 80 80 80 80 80 80 80 85 85 80 80 80 80 80 80 80 80 80 80 80 80 80 80 80 80 80 80 80 80 80 80 80 80 80 80 80 80 80 80 80 80 80 80 80 80 
80 80 80 80 80 80 80 80 80 80 80 80 80 80 80 80 80 80 80 80 80 80 80 80 80 80 80 80 80 80 80 80 80 80 80 80 80 80 80 80 80 80 80 80 80 80 80 80 84 107 101 100 110 86 80 80 80 80 80 80 80 85 85 85 80 80 80 80 80 80 80 80 80 80 80 80 80 80 80 80 80 80 80 80 80 80 80 80 80 80 80 80 80 80 80 80 80 80 80 80 
80 80 80 80 80 80 80 80 80 80 80 80 80 80 80 80 80 80 80 80 80 80 80 80 80 80 80 80 80 80 80 80 80 80 80 80 80 80 80 80 80 80 80 80 80 80 80 80 84 71 70 70 69 86 80 80 80 80 80 80 80 85 80 85 90 88 88 88 88 88 88 88 88 88 88 88 88 88 88 88 88 88 88 88 88 88 88 88 88 88 88 88 88 91 80 80 80 80 80 80 
80 80 80 80 80 80 80 80 80 80 80 80 80 80 80 80 80 80 80 80 80 80 80 80 80 80 80 80 80 80 80 80 80 80 80 80 80 80 80 80 80 80 80 80 80 80 80 80 84 71 70 70 69 86 80 80 80 80 80 80 80 80 80 80 84 62 59 59 59 59 59 61 56 56 56 56 56 56 56 56 56 56 56 56 56 56 56 56 56 56 56 56 56 86 80 80 80 80 80 80 
80 80 80 80 80 80 80 80 80 80 80 80 80 80 80 80 80 80 80 80 80 80 80 80 80 80 80 80 80 80 80 80 80 80 80 80 80 80 80 80 80 80 80 80 80 80 80 80 84 71 70 70 69 86 80 80 80 80 80 80 80 80 80 80 84 55 62 59 59 59 61 57 56 56 56 56 56 56 56 56 56 56 56 56 56 56 56 56 56 56 56 56 56 86 80 80 80 80 80 80 
80 80 80 80 80 80 80 80 80 80 80 80 80 80 80 80 80 80 80 80 80 80 80 80 80 80 80 80 80 80 80 80 80 80 80 80 80 80 80 80 80 80 80 80 80 80 80 80 84 71 70 70 69 86 80 85 80 80 80 80 80 80 80 85 84 55 55 62 59 61 57 57 56 56 56 56 56 56 56 56 56 56 56 56 56 56 56 56 56 56 56 56 56 86 80 80 80 80 80 80 
80 80 80 80 80 80 80 80 80 80 80 80 80 80 80 80 80 80 80 80 80 80 80 80 80 80 80 80 80 80 80 80 80 80 80 80 80 80 80 80 80 80 80 80 80 80 80 80 84 71 70 70 69 86 80 85 80 80 80 80 80 80 85 85 84 55 55 55 56 57 57 57 56 66 67 67 67 67 67 67 67 67 67 67 68 56 56 56 56 56 56 56 56 86 80 80 80 80 80 80 
80 80 80 80 80 80 80 80 80 80 80 80 80 80 80 80 80 80 80 80 80 80 80 80 80 80 80 80 80 80 80 80 80 80 80 80 80 80 80 80 80 80 80 80 80 80 80 80 84 71 70 70 69 86 80 85 80 80 80 80 85 80 80 85 84 55 55 55 56 57 57 57 56 71 48 46 46 46 46 46 46 46 46 49 69 56 56 56 56 56 56 56 56 86 80 80 80 80 80 80 
80 80 80 80 80 80 80 80 80 80 80 80 80 80 80 80 80 80 80 80 80 80 80 80 80 80 80 80 80 80 80 80 80 80 80 80 80 80 80 80 80 80 80 80 80 80 80 80 84 71 70 70 69 86 80 85 80 80 80 85 85 85 80 80 84 55 55 55 56 57 57 57 56 71 42 85 85 85 85 85 85 85 85 44 69 56 56 56 56 56 56 56 56 86 80 80 80 80 80 80 
80 80 80 80 80 80 80 80 80 80 80 80 80 80 80 80 80 80 80 80 80 80 80 80 80 80 80 80 80 80 80 80 80 80 80 80 80 80 80 80 80 80 80 80 80 80 80 80 84 71 70 70 69 86 80 85 85 85 85 85 85 85 85 80 84 55 55 55 56 57 57 57 56 71 42 85 85 85 85 85 85 85 85 44 69 56 56 56 56 56 56 56 56 86 80 80 80 80 80 80 
80 80 80 80 80 80 80 80 80 80 80 80 80 80 80 80 80 80 80 80 80 80 80 80 80 80 80 80 80 80 80 80 80 80 80 80 80 80 80 80 80 80 80 80 80 80 80 80 95 96 96 96 96 98 80 85 85 85 85 85 85 85 85 85 84 55 55 55 56 57 57 57 56 71 42 85 85 85 85 85 85 85 85 44 69 56 56 56 56 56 56 56 56 86 80 80 80 80 80 80 
80 80 80 80 80 80 80 80 80 80 80 80 80 80 80 80 80 80 80 80 80 80 80 80 80 80 80 80 80 80 80 80 80 80 80 80 80 80 80 80 80 80 80 80 80 80 80 80 102 108 109 109 109 99 80 80 85 80 80 80 80 80 80 80 84 55 55 55 56 57 57 57 56 71 51 40 40 40 40 40 40 40 40 50 69 56 56 56 56 56 56 56 56 86 80 80 80 80 80 80 
80 80 80 80 80 80 80 80 80 80 80 80 80 80 80 80 80 80 80 80 80 80 80 80 80 80 80 80 80 80 80 80 80 80 80 80 80 80 80 80 80 80 80 80 80 80 80 80 103 96 96 96 96 106 80 80 85 80 80 80 80 80 80 80 84 55 55 63 53 64 57 57 56 72 73 73 76 70 70 70 70 75 73 73 74 56 56 56 56 56 56 56 56 86 80 80 80 80 80 80 
80 80 80 80 80 80 80 80 80 80 80 80 80 80 80 80 80 80 80 80 80 80 80 80 80 80 80 80 80 80 80 80 80 80 80 80 80 80 80 80 80 80 80 80 80 80 80 80 107 108 109 109 109 110 80 80 80 80 80 80 80 80 80 80 84 55 63 53 53 53 64 57 56 56 56 56 71 70 70 70 70 69 56 56 56 56 56 56 56 56 56 56 56 86 80 80 80 80 80 80 
80 80 80 80 80 80 80 80 80 80 80 80 80 80 80 80 90 88 88 88 88 88 88 88 88 88 88 88 88 88 88 88 88 88 88 88 88 88 88 88 88 88 88 88 88 88 88 88 89 71 70 70 69 87 88 88 88 88 88 88 88 88 88 88 89 63 53 53 53 53 53 64 56 56 56 56 71 70 70 70 70 69 56 56 56 56 56 56 56 56 56 56 56 86 80 80 80 80 80 80 
80 80 80 80 80 80 80 80 80 80 80 80 80 80 80 80 84 66 67 67 67 67 67 67 67 67 67 67 67 67 67 67 67 67 67 67 67 67 67 67 67 67 67 67 67 67 67 67 67 77 70 70 78 67 67 67 67 67 67 67 67 67 67 67 67 67 67 67 67 67 67 67 67 67 67 67 77 79 70 79 70 78 67 67 67 67 67 67 67 67 67 67 68 86 80 80 80 80 80 80 
80 80 80 80 80 80 80 80 80 80 80 80 80 80 80 80 84 71 70 70 70 70 70 70 70 70 70 70 70 70 70 70 70 70 70 70 70 70 70 70 70 70 70 70 70 70 70 70 70 70 70 79 65 65 65 79 65 65 65 65 65 65 65 65 65 65 65 65 65 65 79 65 65 65 65 65 65 65 65 65 65 65 65 65 65 65 79 65 65 65 65 65 69 86 80 80 80 80 80 80 
80 80 80 80 80 80 80 80 80 80 80 80 80 80 80 80 84 71 70 70 70 70 70 70 70 70 70 70 70 70 70 70 70 70 70 70 70 70 70 70 70 70 70 79 70 70 70 79 70 70 70 65 65 65 65 65 65 65 65 65 65 65 65 65 79 65 65 65 65 65 65 65 65 65 65 65 79 65 65 65 65 65 79 65 65 65 65 65 65 65 79 65 69 86 80 80 80 80 80 80 
80 80 80 80 80 80 80 80 80 80 80 80 80 80 80 80 84 71 43 75 73 73 73 73 73 73 73 73 73 73 73 73 73 73 73 73 73 73 73 73 73 73 73 73 73 73 73 73 73 76 65 65 75 73 73 73 73 73 73 73 73 73 73 73 73 73 73 73 73 73 73 73 73 73 73 73 73 73 73 73 73 73 73 73 73 73 73 73 73 73 73 73 74 86 80 80 80 80 80 80 
80 80 80 80 80 80 80 80 80 80 80 80 80 80 80 80 84 71 43 69 111 112 112 112 112 112 112 112 112 112 112 112 112 112 112 112 112 112 112 112 112 112 112 112 112 112 112 112 113 71 65 65 69 56 111 112 112 112 112 112 112 112 112 112 112 112 112 112 112 112 112 112 112 112 112 112 112 112 112 112 112 112 112 112 112 112 112 112 112 112 112 113 56 86 80 80 80 80 80 80 
80 80 80 80 80 80 80 80 80 80 80 80 80 80 80 80 84 71 43 69 115 56 56 56 56 56 56 56 56 56 56 56 56 56 56 56 56 56 56 56 56 56 56 56 56 56 56 56 129 71 65 65 69 56 115 56 56 56 56 56 56 56 56 56 56 81 82 82 82 82 83 56 56 56 56 56 56 56 56 56 56 56 56 56 56 56 56 56 56 56 56 129 56 86 80 80 80 80 80 80 
80 80 80 80 80 80 80 80 80 80 80 80 80 80 80 80 84 71 43 69 115 56 56 56 56 56 56 56 56 56 56 56 56 56 56 56 56 56 56 56 56 56 56 56 56 56 56 56 129 71 65 65 69 56 115 56 81 82 82 82 82 82 83 56 56 86 94 94 85 94 84 56 56 56 56 56 56 56 56 56 56 56 56 56 56 56 56 56 56 56 56 129 56 86 80 80 80 80 80 80 
80 80 80 80 80 80 80 80 80 80 80 80 80 80 80 80 84 71 43 69 115 56 56 56 56 56 56 56 56 56 56 56 56 56 56 56 56 56 56 56 56 56 56 56 56 56 56 56 129 71 79 65 69 56 115 56 86 80 80 80 80 80 93 82 82 92 85 85 85 85 84 56 56 56 56 56 56 56 56 56 56 56 56 56 56 56 56 56 56 56 56 129 56 86 80 80 80 80 80 80 
80 80 80 80 80 80 80 80 80 80 80 80 80 80 80 80 84 71 43 69 115 56 56 56 56 56 56 56 56 56 56 56 56 56 56 56 56 56 56 56 56 56 56 56 56 56 56 56 129 71 65 65 69 56 115 56 86 94 94 85 94 80 80 80 80 94 94 85 85 94 84 56 56 56 56 56 56 56 56 56 56 56 56 56 56 56 56 56 56 56 56 129 56 86 80 80 80 80 80 80 
80 80 80 80 80 80 80 80 80 80 80 80 80 80 80 80 84 71 43 69 115 56 56 56 56 56 56 56 56 56 56 56 56 56 56 56 56 56 56 56 56 56 56 56 56 56 56 56 129 71 65 65 69 56 115 56 87 88 88 91 80 80 85 85 90 88 88 88 88 88 89 56 56 56 56 56 56 56 56 56 56 56 56 56 56 56 56 56 56 56 56 129 56 86 80 80 80 80 80 80 
80 80 80 80 80 80 80 80 80 80 80 80 80 80 80 80 84 71 43 69 115 56 56 56 56 56 56 56 56 56 56 56 56 56 56 56 56 56 56 56 56 56 56 56 56 56 56 56 129 71 65 65 69 56 115 56 56 56 56 86 80 80 85 85 84 56 56 56 56 56 56 56 56 56 56 56 56 56 56 56 56 56 56 56 56 56 56 56 56 56 56 129 56 86 80 80 80 80 80 80 
80 80 80 80 80 80 80 80 80 80 80 80 80 80 80 80 84 71 43 69 116 117 117 117 117 117 117 117 117 117 117 117 117 117 117 117 117 117 117 117 117 117 117 117 117 117 117 117 118 71 65 79 69 56 116 117 117 117 117 131 132 132 132 132 133 117 117 117 117 117 117 117 117 117 117 117 117 117 117 117 117 117 117 117 117 117 117 117 117 117 117 118 56 86 80 80 80 80 80 80 
80 80 80 80 80 80 80 80 80 80 80 80 80 80 80 80 84 71 43 69 119 120 120 120 120 120 120 120 120 120 120 120 120 120 120 120 120 120 120 120 120 120 120 120 120 120 120 120 121 71 65 65 69 56 119 120 120 120 120 136 135 135 138 138 134 120 120 120 120 120 120 120 120 120 120 120 120 120 120 120 120 120 120 120 120 120 120 120 120 120 120 121 56 86 80 80 80 80 80 80 
80 80 80 80 80 80 80 80 80 80 80 80 80 80 80 80 84 71 43 69 119 120 120 120 120 120 120 120 120 120 120 120 120 120 120 120 120 120 120 120 120 120 120 120 120 120 120 120 121 71 65 65 69 56 119 120 120 120 120 136 135 135 138 138 134 120 120 120 120 120 120 120 120 120 120 120 120 120 120 120 120 120 120 120 120 120 120 120 120 120 120 121 56 86 80 80 80 80 80 80 
80 80 80 80 80 80 80 80 80 80 80 80 80 80 80 80 84 71 43 69 119 120 120 120 120 120 120 120 120 120 120 120 120 120 120 120 120 120 120 120 120 120 120 120 120 120 120 120 121 71 65 65 69 56 119 120 120 120 120 136 135 135 138 138 134 120 120 120 120 120 120 120 120 120 120 120 120 120 120 120 120 120 120 120 120 120 120 120 120 120 120 121 56 86 80 80 80 80 80 80 
80 80 80 80 80 80 80 80 80 80 80 80 80 80 80 80 84 71 43 69 119 120 120 120 120 120 120 120 120 120 120 120 120 120 120 120 120 120 120 120 120 120 120 120 120 120 120 120 121 71 65 65 69 56 119 120 120 120 120 136 135 135 138 138 134 120 120 120 120 120 120 120 120 120 120 120 120 120 120 120 120 120 120 120 120 120 120 120 120 120 120 121 56 86 80 80 80 80 80 80 
80 80 80 80 80 80 80 80 80 80 80 80 80 80 80 80 84 71 43 69 124 123 123 123 123 123 123 123 123 123 123 123 123 123 123 123 123 123 123 123 123 123 123 123 123 123 123 123 122 71 65 70 69 56 119 120 120 120 120 136 135 135 138 138 134 120 120 120 120 120 120 120 120 120 120 120 120 120 120 120 120 120 120 120 120 120 120 120 120 120 120 121 56 86 80 80 80 80 80 80 
80 80 80 80 80 80 80 80 80 80 80 80 80 80 80 80 84 71 43 78 67 67 67 67 67 67 67 67 67 67 67 67 67 67 67 67 67 67 67 67 67 67 67 67 67 67 67 67 67 77 70 70 69 56 119 120 120 120 120 136 135 135 138 138 134 120 120 120 120 120 120 120 120 120 120 120 120 120 120 120 120 120 120 120 120 120 120 120 120 120 120 121 56 86 80 80 80 80 80 80 
80 80 80 80 80 80 80 80 80 80 80 80 80 80 80 80 84 71 43 43 43 65 65 65 65 65 65 65 65 65 65 65 65 65 65 65 65 65 65 65 65 65 65 65 65 65 65 79 65 65 70 70 69 56 119 120 120 120 120 136 135 135 138 138 134 120 120 120 120 120 120 120 120 120 120 120 120 120 120 120 120 120 120 120 120 120 120 120 120 120 120 121 56 86 80 85 85 85 85 80 
80 80 80 80 80 80 80 80 80 80 80 80 80 80 80 80 84 71 43 43 43 43 65 65 65 65 65 65 65 65 65 65 65 65 65 43 43 43 43 43 43 43 43 43 43 43 43 43 43 43 70 43 69 56 119 120 120 120 120 136 135 135 138 138 134 120 120 120 120 120 120 120 120 120 120 120 120 120 120 120 120 120 120 120 120 120 120 120 120 120 120 121 56 86 80 85 80 85 85 85 
80 80 80 80 80 80 80 80 80 80 80 80 80 80 80 80 84 72 73 73 73 73 73 73 73 73 76 65 65 75 73 73 73 73 73 73 73 73 73 73 73 73 73 73 73 73 73 73 73 76 70 70 69 56 119 120 120 120 120 136 135 138 138 138 134 120 120 120 120 120 120 120 120 120 176 177 120 120 120 120 120 120 120 120 120 120 120 120 120 120 120 121 56 86 85 85 85 85 85 85 
80 80 80 80 80 80 80 80 80 80 80 80 80 80 80 80 84 56 56 56 56 56 56 56 56 56 71 65 65 69 56 56 56 56 56 56 56 56 56 56 56 56 56 56 56 56 56 56 56 71 65 65 69 56 124 123 123 123 123 137 138 138 138 138 139 123 123 123 123 123 123 123 123 123 179 178 120 120 123 123 123 123 123 123 123 123 123 123 123 123 123 122 56 86 85 85 85 85 85 85 
80 80 80 80 80 80 80 80 80 80 80 80 80 80 80 80 84 56 56 56 56 56 56 56 56 56 71 65 65 69 56 56 56 56 56 56 56 56 56 56 56 56 56 56 56 56 56 56 56 71 65 65 69 56 56 56 56 56 56 142 141 141 141 141 140 56 56 56 56 56 56 56 56 56 56 56 56 56 56 56 56 56 56 56 56 56 56 56 56 56 56 56 56 86 85 85 85 85 85 85 
80 80 80 80 80 80 80 80 80 80 80 80 80 80 80 80 84 56 56 56 56 56 56 56 56 56 71 65 65 69 56 56 56 56 56 56 56 56 56 56 56 56 56 56 56 56 56 56 56 71 65 79 78 67 67 67 67 67 152 153 154 155 156 157 158 159 67 67 67 67 67 67 67 67 67 67 67 67 67 67 67 67 67 67 67 67 67 67 67 67 67 68 56 86 85 85 85 85 85 85 
80 80 80 80 80 80 80 80 80 80 80 80 80 80 80 80 84 56 56 56 56 56 56 56 56 56 71 65 65 69 56 56 56 56 56 56 56 56 56 56 56 56 56 56 56 56 56 56 56 71 65 65 65 65 65 65 65 65 161 165 160 165 160 165 161 165 65 65 65 65 65 65 65 65 65 65 65 65 65 65 65 65 65 65 65 65 65 65 65 65 65 69 56 86 85 85 85 85 85 85 
80 80 80 80 80 80 80 80 80 80 80 80 80 80 80 80 84 56 56 56 56 56 56 56 56 56 71 65 65 69 56 56 56 56 56 56 56 56 56 56 56 56 56 56 56 56 56 56 56 71 65 65 65 65 65 65 65 65 161 164 161 164 161 164 161 164 65 65 65 65 65 65 65 65 65 65 65 65 65 65 65 65 65 65 65 65 65 65 65 65 65 69 56 86 85 85 85 85 85 85 
80 80 80 80 80 80 80 80 80 80 80 80 80 80 80 80 84 56 56 56 56 56 56 56 56 56 71 65 65 69 56 56 56 56 56 56 56 56 56 56 56 56 56 56 56 56 56 56 56 71 65 65 75 73 73 73 73 73 171 170 169 168 169 168 163 162 73 73 73 73 73 73 73 73 73 73 73 73 73 73 73 73 73 73 73 73 73 73 73 73 73 74 56 86 85 85 85 85 85 85 
80 80 80 80 80 80 80 80 80 80 80 80 80 80 80 80 84 56 56 56 56 56 56 56 56 56 71 65 65 69 56 56 56 56 56 56 56 56 56 56 56 56 56 56 56 56 56 56 56 71 70 70 69 56 56 56 56 62 61 172 173 174 173 174 175 56 56 56 56 56 56 56 56 56 56 56 56 56 56 56 56 56 56 56 56 56 56 56 56 56 56 56 56 86 85 85 85 85 85 85 
80 80 80 80 80 80 80 80 80 80 80 80 80 80 80 80 84 56 56 56 56 56 56 56 56 56 71 65 65 78 67 67 67 67 67 67 67 67 67 67 67 67 67 67 67 67 67 67 67 77 70 70 69 56 56 56 56 63 64 87 88 88 91 85 93 83 56 56 56 56 56 56 56 56 56 56 56 56 56 56 56 56 56 56 56 56 56 56 56 56 56 56 56 86 85 85 85 85 85 85 
80 80 80 80 80 80 80 80 80 80 80 80 80 80 80 80 84 56 56 56 56 56 56 56 56 56 71 65 65 65 65 65 65 65 65 65 65 65 65 65 65 65 65 65 65 65 79 65 65 65 70 70 69 56 56 56 56 56 56 56 56 56 87 91 85 93 83 56 56 56 56 56 56 56 56 56 56 56 56 56 56 56 56 56 56 56 56 56 56 56 56 56 56 86 85 85 85 85 85 85 
80 80 80 80 80 80 80 80 80 80 80 80 80 80 80 80 84 56 56 56 56 56 56 56 56 56 71 65 65 65 65 65 65 65 65 65 65 65 65 65 65 65 65 65 65 65 65 65 65 65 70 65 78 68 56 56 56 56 56 56 56 56 56 87 91 85 93 82 82 82 82 82 82 82 82 82 82 83 56 56 56 56 56 56 56 56 56 56 56 56 56 56 56 86 85 85 85 85 85 85 
80 80 80 80 80 80 80 80 80 80 80 80 80 80 80 80 84 56 56 56 56 56 56 56 56 56 72 73 73 73 73 73 73 73 73 73 73 73 73 76 70 70 75 73 73 73 73 73 73 76 70 65 65 78 68 56 56 56 56 56 56 56 56 56 87 91 85 85 85 85 85 85 94 85 85 80 80 84 56 56 56 56 56 56 56 56 56 56 56 56 56 56 56 86 85 85 85 85 85 85 
80 80 80 80 80 80 80 80 80 80 80 80 80 80 80 80 84 56 56 56 56 56 56 56 56 56 56 56 56 56 56 56 56 56 56 56 56 56 56 71 70 70 69 56 56 56 56 56 56 71 70 70 65 65 78 68 56 56 56 56 56 56 56 56 56 87 88 88 88 91 94 85 85 85 85 94 80 84 56 56 56 56 56 56 56 56 56 56 56 56 56 56 56 86 85 85 85 85 85 85 
80 80 80 80 80 80 80 80 80 80 80 80 80 80 80 80 84 56 56 56 56 56 56 56 56 56 56 56 56 56 56 56 56 56 56 56 56 56 56 71 70 70 69 56 56 56 56 56 56 71 70 70 70 65 65 78 68 56 56 56 56 56 56 56 56 56 56 56 56 87 88 88 88 88 88 88 88 89 56 56 56 56 56 56 56 56 56 56 56 56 56 56 56 86 85 85 85 85 85 85 
80 80 80 80 80 80 80 80 80 80 80 80 80 80 80 80 84 56 56 56 56 56 56 56 56 56 56 56 56 56 56 56 56 56 56 56 56 56 56 71 70 70 69 56 56 56 56 56 56 71 70 70 79 70 65 65 78 67 67 67 67 67 67 67 67 67 67 67 67 67 67 67 67 67 67 67 67 67 68 56 56 56 56 56 56 56 56 56 56 56 56 56 56 86 85 85 85 85 85 85 
80 80 80 80 80 80 80 80 80 80 80 80 80 80 80 80 84 56 56 56 56 56 56 56 56 56 56 56 56 56 56 56 56 56 56 56 56 56 56 71 70 70 69 56 56 56 56 56 56 71 70 75 76 70 70 65 70 70 70 70 70 70 70 70 70 70 70 70 70 70 70 70 70 70 70 70 70 70 69 56 56 56 56 56 56 56 56 56 56 56 56 56 56 86 85 85 85 85 85 85 
80 80 80 80 80 80 80 80 80 80 80 80 80 80 80 80 84 56 56 56 56 56 56 56 56 56 56 56 56 56 56 56 56 56 56 56 56 56 56 71 43 43 69 56 56 56 56 56 56 71 70 78 77 70 70 70 70 70 70 70 70 70 70 70 70 70 70 70 70 70 70 70 70 70 70 70 70 70 69 56 56 56 56 56 56 56 56 56 56 56 56 56 56 86 85 85 85 85 85 85 
80 80 80 80 80 80 80 80 80 80 80 80 80 80 80 80 84 56 56 56 56 56 56 56 56 56 56 56 56 56 56 56 56 56 56 56 56 56 66 77 43 43 78 68 56 56 56 56 56 71 70 70 70 70 79 70 75 73 73 73 73 73 73 73 73 73 73 73 73 73 73 73 73 73 73 73 73 73 74 56 56 56 56 56 56 56 56 56 56 56 56 56 56 86 85 85 85 85 85 85 
80 80 80 80 80 80 80 80 80 80 80 80 80 80 80 80 84 56 56 56 56 56 56 56 56 56 56 56 56 56 56 56 56 56 56 56 56 66 77 43 43 43 43 78 68 56 56 56 56 71 70 70 70 70 70 75 74 62 59 59 59 59 59 59 59 59 59 59 59 59 59 59 59 59 59 59 59 59 61 56 56 56 56 56 56 56 56 56 56 56 56 56 56 86 85 85 85 85 85 85 
80 80 80 80 80 80 80 80 80 80 80 80 80 80 80 80 84 56 56 56 56 56 56 56 56 56 56 56 56 56 56 56 56 56 56 56 66 77 43 43 43 43 43 43 78 68 56 56 56 71 70 70 70 70 75 74 62 60 52 53 53 53 53 53 53 53 53 53 53 53 53 53 53 53 53 53 53 54 57 56 56 56 56 56 56 56 56 56 56 56 56 56 56 86 85 85 85 85 85 85 
80 80 80 80 80 80 80 80 80 80 80 80 80 80 80 80 84 56 56 56 56 56 56 56 56 56 56 56 56 56 56 56 56 56 56 66 77 43 65 48 46 46 49 65 43 78 68 56 56 71 79 70 70 75 74 62 60 52 64 56 56 56 56 56 56 56 56 56 56 56 56 56 56 56 56 56 56 55 57 56 56 56 56 56 56 56 56 56 56 56 56 56 56 86 85 85 85 85 85 85 
80 80 80 80 80 80 80 80 80 80 80 80 80 80 80 80 84 56 56 56 56 56 56 56 56 56 56 56 56 56 56 56 56 56 66 77 65 43 48 45 85 85 47 49 43 70 78 68 56 71 70 70 75 74 62 60 52 64 56 56 56 56 56 56 56 56 56 56 56 56 56 56 56 56 56 56 56 55 57 56 56 56 56 56 56 56 56 56 56 56 56 56 56 86 85 85 85 85 85 85 
80 80 80 80 80 80 80 80 80 80 80 80 80 80 80 80 84 56 56 56 56 56 56 56 56 56 56 56 56 56 56 56 56 56 71 65 65 43 42 85 85 85 85 44 43 70 70 69 56 71 70 70 69 62 60 52 64 56 56 56 56 56 56 56 56 56 56 56 56 56 56 56 56 56 56 56 56 55 57 56 56 56 56 56 56 56 56 56 56 56 56 56 56 86 85 85 85 85 85 85 
80 80 80 80 80 80 80 80 80 80 80 80 80 80 80 80 84 56 56 56 56 56 56 56 56 56 56 56 56 56 56 56 56 56 71 65 65 43 42 85 85 85 85 44 43 70 70 69 56 71 70 70 69 55 56 57 56 56 56 56 56 56 56 56 56 56 56 56 56 56 56 56 56 56 56 56 56 55 57 56 56 56 56 56 56 56 56 56 56 56 56 56 56 86 85 85 85 85 85 85 
80 80 80 80 80 80 80 80 80 80 80 80 80 80 80 80 84 56 56 56 56 56 56 56 56 56 56 56 56 56 56 56 56 56 72 76 65 65 51 41 85 85 39 50 43 70 75 74 56 71 70 70 69 63 54 58 61 56 56 56 56 56 56 56 56 56 56 56 56 56 56 56 62 61 56 56 56 55 57 56 56 56 56 56 56 56 56 56 56 56 56 56 56 86 85 85 85 85 85 85 
80 80 80 80 80 80 80 80 80 80 80 80 80 80 80 80 84 56 56 56 56 56 56 56 56 56 56 56 56 56 56 56 56 56 56 72 76 65 65 51 40 40 50 65 43 75 74 56 56 71 70 70 78 68 63 54 58 61 56 56 56 56 56 56 56 56 56 56 56 56 56 62 60 58 61 56 56 55 57 56 56 56 56 56 56 56 56 56 56 56 56 56 56 86 85 85 85 85 85 85 
80 80 80 80 80 80 80 80 80 80 80 80 80 80 80 80 84 56 56 56 56 56 56 56 56 56 56 56 56 56 56 56 56 56 56 56 72 76 65 65 65 65 65 65 75 74 56 56 56 71 70 70 70 78 68 63 54 58 61 56 56 56 56 56 56 56 56 56 56 56 62 60 56 52 64 56 56 55 57 56 56 56 56 56 56 56 56 56 56 56 56 56 56 86 85 85 85 85 85 85 
80 80 80 80 80 80 80 80 80 80 80 80 80 80 80 80 84 56 56 56 56 56 56 56 56 56 56 56 56 56 56 56 56 56 56 56 56 72 76 65 65 65 65 75 74 56 56 56 56 71 70 70 79 70 78 68 63 54 57 56 56 56 56 56 56 56 56 56 56 62 60 56 56 58 59 59 59 60 57 56 56 56 56 56 56 56 56 56 56 56 56 56 56 86 85 85 85 85 85 85 
80 80 80 80 80 80 80 80 80 80 80 80 80 80 80 80 84 56 56 56 56 56 56 56 56 56 56 56 56 56 56 56 56 56 56 56 56 56 72 76 65 65 75 74 56 56 56 56 56 71 70 70 70 70 70 78 68 63 64 56 56 56 56 56 56 56 56 56 56 63 53 53 53 53 53 53 53 53 64 56 56 56 56 56 56 56 56 56 56 56 56 56 56 86 85 85 85 85 85 85 
80 80 80 80 80 80 80 80 80 80 80 80 80 80 80 80 84 56 56 56 56 56 56 56 56 56 56 56 56 56 56 56 56 56 56 56 56 56 56 72 73 73 74 56 56 56 56 56 56 71 70 70 70 70 70 70 78 67 67 67 67 67 67 67 67 67 67 67 67 67 67 67 67 67 67 67 67 67 68 56 56 56 56 56 56 56 56 56 56 56 56 56 56 86 85 85 85 85 85 85 
80 80 80 80 80 80 80 80 80 80 80 80 80 80 80 80 84 56 56 56 56 56 56 56 56 56 56 56 56 56 56 56 56 56 56 56 56 56 56 56 56 56 56 56 56 56 56 56 56 71 70 75 76 70 70 70 65 65 65 65 65 79 65 65 65 65 65 65 65 65 79 65 65 65 65 65 65 65 69 56 56 56 56 56 56 56 56 56 56 56 56 56 56 86 85 85 85 85 85 85 
80 80 80 80 80 80 80 80 80 80 80 80 80 80 80 80 84 56 56 56 56 56 56 56 56 56 56 56 56 56 56 56 56 56 56 56 56 56 56 56 56 56 56 56 56 56 56 56 56 71 70 78 77 79 70 70 70 65 65 65 65 65 65 65 65 65 65 65 65 65 65 65 65 65 65 65 65 65 69 56 56 56 56 56 56 56 56 56 56 56 56 56 56 86 85 85 85 85 85 85 
80 80 80 80 80 80 80 80 80 80 80 80 80 80 80 80 84 56 56 56 56 56 56 56 56 56 56 56 56 56 56 56 56 56 56 56 56 56 56 56 56 56 56 56 56 56 56 56 56 71 79 70 70 70 70 70 75 73 73 73 73 73 73 73 73 73 73 73 73 73 73 73 73 73 73 73 73 73 74 56 56 56 56 56 56 56 56 56 56 56 56 56 56 86 85 85 85 85 85 85 
80 80 80 80 80 80 80 80 80 80 80 80 80 80 80 80 84 56 56 56 56 56 56 56 56 56 56 56 56 56 56 56 56 56 56 56 56 56 56 56 56 56 56 56 56 56 56 56 56 71 70 70 70 70 70 75 74 56 56 56 56 56 56 56 56 56 56 56 56 56 56 56 56 56 56 56 56 56 56 56 56 56 56 56 56 56 56 56 56 56 56 56 56 86 85 85 85 85 85 85 
80 80 80 80 80 80 80 80 80 80 80 80 80 80 80 80 84 56 56 56 56 56 56 56 56 56 56 56 56 56 56 56 56 56 56 56 56 56 56 56 56 56 56 56 56 56 56 56 56 71 70 70 70 70 75 74 56 56 56 56 56 56 56 56 56 56 56 56 56 56 56 56 56 56 56 56 56 56 56 56 56 56 56 56 56 56 56 56 56 56 56 56 56 86 85 85 85 85 85 85 
80 80 80 80 80 80 80 80 80 80 80 80 80 80 80 80 84 56 56 56 56 56 56 56 56 56 56 56 56 56 56 56 56 56 56 56 56 56 56 56 56 56 56 56 56 56 56 56 56 71 70 70 70 75 74 56 56 56 56 56 56 56 56 56 56 56 56 56 56 56 56 56 56 56 56 56 56 56 56 56 56 56 56 56 56 56 56 56 56 56 56 56 56 86 85 85 85 85 85 85 
80 80 80 80 80 80 80 80 80 80 80 80 80 80 80 80 84 56 56 56 56 56 56 56 56 56 56 56 56 56 56 56 56 56 56 56 56 56 56 56 56 56 56 56 56 56 56 56 56 71 70 70 75 74 56 56 56 56 56 56 56 56 56 56 56 56 56 56 56 56 56 56 56 56 56 56 56 56 56 56 56 56 56 56 56 56 56 56 56 56 56 56 56 86 85 85 85 85 85 85 
80 80 80 80 80 80 80 80 80 80 80 80 80 80 80 80 84 56 56 56 56 56 56 56 56 56 56 56 56 56 56 56 56 56 56 56 56 56 56 56 56 56 56 56 56 56 56 56 56 71 70 70 69 56 56 56 56 56 56 56 56 56 56 56 56 56 56 56 56 56 56 56 56 56 56 56 56 56 56 56 56 56 56 56 56 56 56 56 56 56 56 56 56 86 85 85 85 85 85 85 
80 80 80 80 80 80 80 80 80 80 80 80 80 80 80 80 84 56 56 56 56 56 56 56 56 56 56 56 56 56 56 56 56 56 56 56 56 56 56 56 56 56 56 56 56 56 56 56 56 71 70 70 69 56 56 56 56 56 56 56 56 56 56 56 56 56 56 56 56 56 56 56 56 56 56 56 56 56 56 56 56 56 56 56 56 56 56 56 56 56 56 56 56 86 85 85 85 85 85 85 
80 80 80 80 80 80 80 80 80 80 80 80 80 80 80 80 84 56 56 56 56 56 56 56 56 56 56 56 56 56 56 56 56 56 56 56 56 56 56 56 56 56 56 56 56 56 56 56 56 71 70 70 69 56 56 56 56 56 56 56 56 56 56 56 56 56 56 56 56 56 56 56 56 56 56 56 56 56 56 56 56 56 56 56 56 56 56 56 56 56 56 56 56 86 85 85 85 85 85 85 
80 80 80 80 80 80 80 80 80 80 80 80 80 80 80 80 84 56 56 56 56 56 56 56 56 56 56 56 56 56 56 56 56 56 56 56 56 56 56 56 56 56 56 56 56 56 56 56 56 71 70 70 69 56 56 56 56 56 56 56 56 56 56 56 56 56 56 56 56 56 56 56 56 56 56 56 56 56 56 56 56 56 56 56 56 56 56 56 56 56 56 56 56 86 85 85 85 85 85 85 
80 80 80 80 80 80 80 80 80 80 80 80 80 80 80 80 84 56 56 56 56 56 56 56 56 56 56 56 56 56 56 56 56 56 56 56 56 56 56 56 56 56 56 56 56 56 56 56 56 71 70 70 69 56 56 56 56 56 56 56 56 56 56 56 56 56 56 56 56 56 56 56 56 56 56 56 56 56 56 56 56 56 56 56 56 56 56 56 56 56 56 56 56 86 85 85 85 85 85 85 
80 80 80 80 80 80 80 80 80 80 80 80 80 80 80 80 84 56 56 56 56 56 56 56 56 56 56 56 56 56 56 56 56 56 56 56 56 56 56 56 56 56 56 56 56 56 56 56 56 71 70 70 69 56 56 56 56 56 56 56 56 56 56 56 56 56 56 56 56 56 56 56 56 56 56 56 56 56 56 56 56 56 56 56 56 56 56 56 56 56 56 56 56 86 85 85 85 85 85 85 
80 80 80 80 80 80 80 80 80 80 80 80 80 80 80 80 84 56 56 56 56 56 56 56 56 56 56 56 56 56 56 56 56 56 56 56 56 56 56 56 56 56 56 56 56 56 56 56 56 56 56 56 56 56 56 56 56 56 56 56 56 56 56 56 56 56 56 56 56 56 56 56 56 56 56 56 56 56 56 56 56 56 56 56 56 56 56 56 56 56 56 56 56 86 85 85 85 85 85 85 
80 80 80 80 80 80 80 80 80 80 80 80 80 80 80 80 84 56 56 56 56 56 56 56 56 56 56 56 56 56 56 56 56 56 56 56 56 56 56 56 56 56 56 56 56 56 56 56 56 56 56 56 56 56 56 56 56 56 56 56 56 56 56 56 56 56 56 56 56 56 56 56 56 56 56 56 56 56 56 56 56 56 56 56 56 56 56 56 56 56 56 56 56 86 85 85 85 85 85 85 
80 80 80 80 80 80 80 80 80 80 80 80 80 80 80 80 84 56 56 56 56 56 56 56 56 56 56 56 56 56 56 56 56 56 56 56 56 56 56 56 56 56 56 56 56 56 56 56 56 56 56 56 56 56 56 56 56 56 56 56 56 56 56 56 56 56 56 56 56 56 56 56 56 56 56 56 56 56 56 56 56 56 56 56 56 56 56 56 56 56 56 56 56 86 85 85 85 85 85 85 
80 80 80 80 80 80 80 80 80 80 80 80 80 80 80 80 84 56 56 56 56 56 56 56 56 56 56 56 56 56 56 56 56 56 56 56 56 56 56 56 56 56 56 56 56 56 56 56 56 56 56 56 56 56 56 56 56 56 56 56 56 56 56 56 56 56 56 56 56 56 56 56 56 56 56 56 56 56 56 56 56 56 56 56 56 56 56 56 56 56 56 56 56 86 85 85 85 85 85 85 
80 80 80 80 80 80 80 80 80 80 80 80 80 80 80 80 84 56 56 56 56 56 56 56 56 56 56 56 56 56 56 56 56 56 56 56 56 56 56 56 56 56 56 56 56 56 56 56 56 56 56 56 56 56 56 56 56 56 56 56 56 56 56 56 56 56 56 56 56 56 56 56 56 56 56 56 56 56 56 56 56 56 56 56 56 56 56 56 56 56 56 56 56 86 85 85 85 85 85 85 
80 80 80 80 80 80 80 80 80 80 80 80 80 80 80 80 84 56 56 56 56 56 56 56 56 56 56 56 56 56 56 56 56 56 56 56 56 56 56 56 56 56 56 56 56 56 56 56 56 56 56 56 56 56 56 56 56 56 56 56 56 56 56 56 56 56 56 56 56 56 56 56 56 56 56 56 56 56 56 56 56 56 56 56 56 56 56 56 56 56 56 56 56 86 85 85 85 85 85 85 
80 80 80 80 80 80 80 80 80 80 80 80 80 80 80 80 84 56 56 56 56 56 56 56 56 56 56 56 56 56 56 56 56 56 56 56 56 56 56 56 56 56 56 56 56 56 56 56 56 56 56 56 56 56 56 56 56 56 56 56 56 56 56 56 56 56 56 56 56 56 56 56 56 56 56 56 56 56 56 56 56 56 56 56 56 56 56 56 56 56 56 56 56 86 85 85 85 85 85 85 
80 80 80 80 80 80 80 80 80 80 80 80 80 80 80 80 93 82 82 82 82 82 82 82 82 82 82 82 82 82 82 82 82 82 82 82 82 82 82 82 82 82 82 82 82 82 82 82 82 82 82 82 82 82 82 82 82 82 82 82 82 82 82 82 82 82 82 82 82 82 82 82 82 82 82 82 82 82 82 82 82 82 82 82 82 82 82 82 82 82 82 82 82 92 85 85 85 85 85 85 
80 80 80 80 80 80 80 80 80 80 80 80 80 80 80 80 85 85 85 85 85 85 85 85 85 85 85 85 85 85 85 85 85 85 85 85 85 85 85 85 85 85 85 85 85 85 85 85 85 85 85 85 85 85 85 85 85 85 85 85 85 85 85 85 85 85 85 85 85 85 85 85 85 85 85 85 85 85 85 85 85 85 85 85 85 85 85 85 85 85 85 85 85 85 85 85 85 85 85 85 
80 80 80 80 80 80 80 80 80 80 80 80 80 80 80 80 80 80 80 80 80 80 80 80 80 80 80 80 80 80 80 80 80 80 80 80 80 80 80 80 80 80 80 80 80 80 80 80 80 80 80 80 80 80 80 80 80 80 80 80 80 80 80 80 80 80 80 80 80 80 80 80 80 80 80 80 80 80 80 80 80 80 80 80 80 80 80 80 80 80 80 80 80 80 80 80 80 80 80 80 
80 80 80 80 80 80 80 80 80 80 80 80 80 80 80 80 80 80 80 80 80 80 80 80 80 80 80 80 80 80 80 80 80 80 80 80 80 80 80 80 80 80 80 80 80 80 80 80 80 80 80 80 80 80 80 80 80 80 80 80 80 80 80 80 80 80 80 80 80 80 80 80 80 80 80 80 80 80 80 80 80 80 80 80 80 80 80 80 80 80 80 80 80 80 80 80 80 80 80 80 
80 80 80 80 80 80 80 80 80 80 80 80 80 80 80 80 80 80 80 80 80 80 80 80 80 80 80 80 80 80 80 80 80 80 80 80 80 80 80 80 80 80 80 80 80 80 80 80 80 80 80 80 80 80 80 80 80 80 80 80 80 80 80 80 80 80 80 80 80 80 80 80 80 80 80 80 80 80 80 80 80 80 80 80 80 80 80 80 80 80 80 80 80 80 80 80 80 80 80 80 
80 80 80 80 80 80 80 80 80 80 80 80 80 80 80 80 80 80 80 80 80 80 80 80 80 80 80 80 80 80 80 80 80 80 80 80 80 80 80 80 80 80 80 80 80 80 80 80 80 80 80 80 80 80 80 80 80 80 80 80 80 80 80 80 80 80 80 80 80 80 80 80 80 80 80 80 80 80 80 80 80 80 80 80 80 80 80 80 80 80 80 80 80 80 80 80 80 80 80 80 
80 80 80 80 80 80 80 80 80 80 80 80 80 80 80 80 80 80 80 80 80 80 80 80 80 80 80 80 80 80 80 80 80 80 80 80 80 80 80 80 80 80 80 80 80 80 80 80 80 80 80 80 80 80 80 80 80 80 80 80 80 80 80 80 80 80 80 80 80 80 80 80 80 80 80 80 80 80 80 80 80 80 80 80 80 80 80 80 80 80 80 80 80 80 80 80 80 80 80 80 
80 80 80 80 80 80 80 80 80 80 80 80 80 80 80 80 80 80 80 80 80 80 80 80 80 80 80 80 80 80 80 80 80 80 80 80 80 80 80 80 80 80 80 80 80 80 80 80 80 80 80 80 80 80 80 80 80 80 80 80 80 80 80 80 80 80 80 80 80 80 80 80 80 80 80 80 80 80 80 80 80 80 80 80 80 80 80 80 80 80 80 80 80 80 80 80 80 80 80 80 
80 80 80 80 80 80 80 80 80 80 80 80 80 80 80 80 80 80 80 80 80 80 80 80 80 80 80 80 80 80 80 80 80 80 80 80 80 80 80 80 80 80 80 80 80 80 80 80 80 80 80 80 80 80 80 80 80 80 80 80 80 80 80 80 80 80 80 80 80 80 80 80 80 80 80 80 80 80 80 80 80 80 80 80 80 80 80 80 80 80 80 80 80 80 80 80 80 80 80 80 
80 80 80 80 80 80 80 80 80 80 80 80 80 80 80 80 80 80 80 80 80 80 80 80 80 80 80 80 80 80 80 80 80 80 80 80 80 80 80 80 80 80 80 80 80 80 80 80 80 80 80 80 80 80 80 80 80 80 80 80 80 80 80 80 80 80 80 80 80 80 80 80 80 80 80 80 80 80 80 80 80 80 80 80 80 80 80 80 80 80 80 80 80 80 80 80 80 80 80 80 
80 80 80 80 80 80 80 80 80 80 80 80 80 80 80 80 80 80 80 80 80 80 80 80 80 80 80 80 80 80 80 80 80 80 80 80 80 80 80 80 80 80 80 80 80 80 80 80 80 80 80 80 80 80 80 80 80 80 80 80 80 80 80 80 80 80 80 80 80 80 80 80 80 80 80 80 80 80 80 80 80 80 80 80 80 80 80 80 80 80 80 80 80 80 80 80 80 80 80 80 
